.Random.seed <-
c(403L, 10L, 64613902L, 862971513L, 822940171L, 630541114L, 47034940L, 
1887957375L, -2025825579L, -1779156244L, -992949182L, 886956957L, 
-828966377L, 869187454L, -1206350536L, -1509643749L, -1332464775L, 
-1469856312L, -306595338L, 1551690801L, -2044170653L, -1985449422L, 
1890992004L, -298594873L, 1518732445L, -821509100L, -953883974L, 
-1533156603L, 1351702751L, -788905626L, -822295312L, 70422547L, 
1283020209L, 2010378336L, 733322750L, -199816823L, -929243461L, 
530520714L, -320584340L, -902389009L, -506823387L, 1030810588L, 
-816551502L, 230033581L, -1504298905L, -635007090L, -372860824L, 
-1311734677L, 910151177L, -391524200L, -377685050L, 543338273L, 
-802817101L, -1278659806L, 2083046676L, -1994242665L, -1199186547L, 
-254378844L, 2012044938L, 466801909L, 1322298191L, -636398506L, 
868095744L, 314323523L, -54343199L, -602878640L, 1322623918L, 
-1109065383L, -1832853653L, -400027942L, -283639908L, -1263721569L, 
1906280949L, -1498272628L, -585206430L, 1741736253L, -850320969L, 
-377895330L, 1834143640L, -1921679621L, 993916569L, -2088083672L, 
-1953950250L, 688609873L, 804999427L, -199045998L, 1973682724L, 
-546964249L, 1883533629L, 223897012L, -65005030L, 1133633893L, 
1293103103L, -975649146L, -782991856L, 36422835L, -1528316079L, 
-2120748288L, -24262178L, -798911959L, 849150427L, 359902954L, 
411491468L, 933512143L, 1092762501L, -538707908L, 1136195858L, 
1092824589L, -914236089L, 1667217198L, 1047267976L, 573127563L, 
987716457L, -804317896L, 130529254L, 7327617L, 1404069651L, 218312898L, 
-1920939148L, -890046601L, -1262415763L, 533065476L, 51949098L, 
-1241480299L, -1854142417L, 2047443254L, 1541284192L, -75513949L, 
147654849L, -861062992L, 1255360462L, -1460544711L, 1668854603L, 
-1378195206L, 462238204L, -684289473L, -437356779L, -698547156L, 
2008087810L, -735799843L, -573643561L, -171421762L, 1794566648L, 
1348947419L, -1400118215L, -1246329464L, -142536394L, 1842359153L, 
-1009186397L, 689992946L, 680175684L, -1554330873L, 791497437L, 
521524180L, -16723206L, -1697593787L, -1141891425L, 654566438L, 
-552283984L, -352482989L, -912976783L, -1388197472L, 821019966L, 
1874756681L, -820195077L, -672180022L, 1449885228L, -395394513L, 
-1820525851L, -668278884L, -884409870L, -1208904595L, 535868839L, 
-601579570L, -919077592L, 848813867L, 786761033L, -1179243944L, 
-1392844026L, 199347937L, -762181005L, -1581632798L, -582144428L, 
1925527383L, 983223117L, 1226063588L, -854917430L, 343588661L, 
-545737329L, -1893535082L, 1740442176L, 2023070467L, 1648814881L, 
-1835070448L, 866401262L, -109188199L, 731231275L, 1837084954L, 
849691612L, 1487021535L, 1038635445L, -1644134580L, -1349855838L, 
-452053763L, -800810505L, -1382590690L, 1048340952L, -572472517L, 
141124825L, -182917016L, -1925055082L, -117168879L, 1677149891L, 
1514637010L, 2005483364L, 1839530663L, -1473336323L, -1026564620L, 
-2113078566L, 1867136037L, 1540387135L, 1095427782L, -1777325232L, 
-447310989L, -697711215L, -2013248L, -14208610L, -1985086615L, 
653471643L, 1227558092L, -694011396L, 286347762L, -1768757120L, 
1203346932L, -1649399160L, -1121843398L, 1367724368L, -1679462292L, 
-653175404L, -222419886L, -1265733152L, -1800445748L, 1801382560L, 
-577754750L, 768093416L, -1176947988L, -2045908676L, -1431526286L, 
1040805488L, 1492551204L, 1239070776L, 1281885466L, 1647468752L, 
-1407312580L, 556482452L, 1289383810L, 2023423936L, -378173892L, 
-115279472L, 1402934306L, -795690744L, 1998017676L, 286761756L, 
-561936238L, -1886340736L, -966362092L, 1939148584L, -1756137926L, 
-1387978288L, -819990164L, -1198254156L, -1632342510L, 1630933984L, 
-1651190324L, 1235596512L, 124207138L, 1626105640L, -503060980L, 
-26082500L, -727542798L, 37440240L, 708766276L, 793773656L, -27711686L, 
465159152L, 271603388L, -277203692L, 812585154L, 1954921568L, 
572430716L, -654383152L, -473544414L, 1425047208L, 1825483660L, 
333221052L, -1123786958L, 169407040L, -1154620236L, 1823822920L, 
1242356154L, 2145439248L, -1378174740L, -1488017068L, -96090350L, 
577332640L, 607341260L, 676120160L, 1137602498L, 1236566824L, 
-646636116L, -122089156L, 1473073010L, 1283023152L, 808419108L, 
90264888L, 380762842L, -487450736L, -1156025604L, -721617004L, 
1382053954L, 1046392064L, -642331588L, -907829936L, -1654069086L, 
799835976L, -460695796L, 1352006364L, 1275118418L, -1513774464L, 
1115752532L, -1136616472L, 1354700538L, 1161865552L, 259367724L, 
-1871710348L, -2008198254L, -1733085600L, 113090444L, -2109209760L, 
662595554L, 800862120L, 1397030092L, -92721668L, 1873578930L, 
-742053392L, -460559932L, 1978364248L, -1505581702L, -1106480720L, 
862031804L, 1984082004L, -586284094L, -1361402848L, 1323666620L, 
336423504L, 1956630498L, 472692328L, 1405602380L, 1608483068L, 
961392626L, 1063566592L, 1390040948L, 528752648L, -1024666182L, 
1297849808L, 1898038252L, 1816354708L, -1210340398L, 2077783904L, 
1870173516L, -1521681120L, -207187070L, 1384540904L, -1203637012L, 
-1171867076L, -920724622L, -1432245648L, 26150948L, 961820472L, 
1711160474L, -662490416L, -540286788L, 1163044500L, -1573403006L, 
-1659511616L, -343715524L, 1669849232L, -1819289054L, 638391816L, 
956436748L, -304266596L, -1358275054L, 1759292800L, 872394260L, 
1200875048L, -1015851718L, 427771856L, -311131540L, 1118644020L, 
1493930642L, 2055027040L, -1582055092L, -1899618336L, 1300320162L, 
448165800L, -1231406196L, -234940740L, -162473102L, 489548016L, 
-22063036L, -643113640L, 229246010L, -1408588944L, -430939076L, 
-519005420L, -17299006L, 265941216L, 2103388028L, -1858375984L, 
167085730L, 1129767976L, 1587235084L, 133374908L, 408661298L, 
-1205968960L, 1518948916L, -1145992248L, 989332666L, 377237392L, 
-428751380L, 1915256916L, -1513189742L, 1320565536L, 786611660L, 
1893772256L, 1048105666L, 77163048L, -1387340116L, 1949283004L, 
1936630258L, -1067210448L, 1501961380L, -1105341768L, -1932956838L, 
147041680L, -77618820L, -1991287532L, 1484310850L, -273333504L, 
-1541956676L, 424577872L, -1182703326L, 884084040L, -426616820L, 
1721153628L, 1477743826L, -813755802L, -1775562140L, -658554475L, 
-87917889L, -125803944L, -1203186058L, 1846790787L, 155963077L, 
1993546722L, -69527984L, 245080953L, -1114650453L, 1270013980L, 
153694026L, 813221695L, 923875721L, 1000114590L, -1745207220L, 
1408846365L, 2035099559L, -1833420080L, 3918958L, -2052574437L, 
1148824701L, 634520170L, 2027893512L, -1401103439L, 857508899L, 
839738660L, -2099559982L, -1011334617L, -528626575L, -533802314L, 
1158659668L, 698163941L, -1987256593L, 1644214824L, 2012696198L, 
1340713139L, -1265230315L, 1044074610L, -1050239808L, 75387177L, 
355878811L, 966033516L, 820212858L, -395969105L, 920665273L, 
1595401934L, -293993444L, 1212184461L, 1974018551L, -1451207424L, 
1566630750L, 916399147L, 1858878253L, -1933547622L, -2014743208L, 
-1860306751L, 2111661939L, -515093356L, -834619102L, 2063116343L, 
729889025L, -1547375610L, 764963396L, 668164981L, 1252468447L, 
1311572536L, 701991446L, -1596932573L, 407222757L, 1784645634L, 
-1068694928L, 998877209L, 1454432779L, -654595844L, 979686698L, 
-1130697889L, 319503081L, 566895102L, -434819604L, -2062107331L, 
963069191L, -1676213008L, 403503246L, -538635589L, -1044305251L, 
624840266L, -47336344L, -501650351L, 1685419843L, 164123204L, 
-1958035214L, 493055175L, 173389457L, 1013909526L, 1089368692L, 
-728988411L, -1958511793L, -1353493176L, -1553577754L, -1268048365L, 
839934325L, -1149094574L, -1601808992L, 2054538377L, -135633733L, 
-652060916L, -1299202406L, -857471985L, 683868249L, -1401557778L, 
-1876334724L, -1238363155L, -151626601L, 1628890976L, 958971710L, 
1206345739L, -1719408499L, -1200885318L, 1775804408L, 378100641L, 
-1173236397L, -84767628L, 2053496322L, -1027215209L, 977240673L, 
-507422042L, 1308066468L, -188397739L, 2027539455L, -1022305640L, 
1113472950L, 14840899L, 247115141L, -1825278430L, 953363728L, 
785611961L, 378782059L, -442863524L, -878887542L, 264751487L, 
1381029065L, 1895278942L, -1354331636L, 549416413L, -104860441L, 
